spatialReference: 26913
Name: SmithLK#1
524748.46942775697,4106639.0680820085
524520.29167247284,4108958.8752607107
525927.38783004787,4108958.8752607107
527106.30623234157,4108958.8752607107
527714.78024642635,4107627.8383548949
527106.30623234157,4106068.6236938015
526117.5359594496,4105384.0904279556
524786.4990536375,4105384.0904279556
524748.46942775697,4106639.0680820085
Name: SmithLK#2
525408.8396437848,4108958.8752607107
525408.8396437848,4110955.1973376647
532634.19565261621,4111817.3136796318
532921.56776660401,4110010.974677423
527106.30623234157,4108958.8752607107
525408.8396437848,4108958.8752607107
Name: FredRanch
527106.30623234157,4108958.8752607107
532921.56776660401,4110010.974677423
534030.00306341145,4109189.9114945978
533455.25883543957,4107260.4130149689
531443.65403752401,4104797.2234665006
527106.30623234157,4106068.6236938015
527106.30623234157,4108958.8752607107
Name: BrownTC
522342.70802167431,4108704.7335985545
519961.4532591626,4108704.7335985545
519432.28553416021,4109763.0690485593
520292.18308729026,4111681.3020516932
522342.70802167431,4112541.1996048186
522342.70802167431,4108704.7335985545
Name: BrownJD
519432.28553416021,4109763.0690485593
519961.4532591626,4108704.7335985545
518373.95008415636,4105265.1433860436
515992.69532164652,4105265.1433860436
515860.40339039732,4108440.1497360505
516389.57111539971,4110689.1125673093
518572.38798103202,4110821.4044985622
519432.28553416021,4109763.0690485593
Name: CreekSide
520292.18308729026,4111681.3020516932
516389.57111539971,4110689.1125673093
514802.06794039346,4113070.367329821
516257.27918414772,4114393.2866423223
520292.18308729026,4111681.3020516932
Name: DhaliaHill
518572.38798103202,4110821.4044985622
516389.57111539971,4110689.1125673093
520292.18308729026,4111681.3020516932
519432.28553416021,4109763.0690485593
518572.38798103202,4110821.4044985622
Name: JensenLQ
520292.18308729026,4111681.3020516932
516257.27918414772,4114393.2866423223
518109.36622165516,4114591.7245392017
520887.49677791726,4114591.7245392017
522342.70802167431,4112541.1996048186
520292.18308729026,4111681.3020516932
Name: SmithTL
522342.70802167431,4112541.1996048186
523334.89750605077,4114922.4543673303
524525.52488730755,4116576.1035079602
526113.0280623138,4116642.2494735848
526113.0280623138,4115451.6220923327
524062.50312792975,4113467.2431235723
523665.62733417656,4112144.3238110654
522342.70802167431,4112541.1996048186
Name: JamisonCreek
520358.32905291487,4105728.1651454158
523533.33540292736,4103545.3482797835
521482.81046854425,4101428.6773797739
518241.65815290716,4101428.6773797739
518373.95008415636,4105265.1433860436
520358.32905291487,4105728.1651454158
Name: Lutz#1
520358.32905291487,4105728.1651454158
518373.95008415636,4105265.1433860436
519961.4532591626,4108704.7335985545
522342.70802167431,4108704.7335985545
524520.29167247284,4108958.8752607107
524786.4990536375,4105384.0904279556
520358.32905291487,4105728.1651454158
Name: Lutz#2
523665.62733417656,4112144.3238110654
524062.50312792975,4113467.2431235723
525484.90559360757,4114843.7616387438
525658.82576501928,4114625.2384951189
526272.66032602079,4114180.7376061138
526949.99501402583,4113651.569881117
526314.99374402221,4112741.4013941139
523665.62733417656,4112144.3238110654
Name: ProspectPark
523334.89750605077,4114922.4543673303
521999.65099086333,4115819.3495639004
522181.55239633005,4116844.6120310891
523239.8878463367,4116828.0755396821
524199.00434790086,4116828.0755396821
524525.52488730755,4116576.1035079602
523334.89750605077,4114922.4543673303